f6d5ff f6d5ff f6d5ff f6d5ff f6d5ff 0000ff 000005 000005 000005 000005 000005 000005 000005 000005 000005 000005 000005 000005 000005 000005 000005 000005 000005 000005 000005 000005 000005 000005 000005 000005 000005 000005 000005 000005 000005 000005
d024ff f6d5ff f6d5ff f6d5ff f6d5ff f6d5ff 0000ff 000005 000005 000005 000005 000005 000005 000005 000005 000005 000005 000005 000005 000005 000005 000005 000005 000005 000005 000005 000005 000005 000005 000005 000005 000005 000005 000005 000005 000005
7a009b d024ff f6d5ff f6d5ff f6d5ff f6d5ff f6d5ff 0000ff 000005 000005 000005 000005 000005 000005 000005 000005 000005 000005 000005 000005 000005 000005 000005 000005 000005 000005 000005 000005 000005 000005 000005 000005 000005 000005 000005 000005
410052 7a009b d024ff f6d5ff f6d5ff f6d5ff f6d5ff f6d5ff 0000ff 000005 000005 000005 000005 000005 000005 000005 000005 000005 000005 000005 000005 000005 000005 000005 000005 000005 000005 000005 000005 000005 000005 000005 000005 000005 000005 000005
210029 410052 7a009b d024ff f6d5ff f6d5ff f6d5ff f6d5ff f6d5ff 0000ff 000005 000005 000005 000005 000005 000005 000005 000005 000005 000005 000005 000005 000005 000005 000005 000005 000005 000005 000005 000005 000005 000005 000005 000005 000005 000005
000005 210029 410052 7a009b d024ff f6d5ff f6d5ff f6d5ff f6d5ff f6d5ff 0000ff 000005 000005 000005 000005 000005 000005 000005 000005 000005 000005 000005 000005 000005 000005 000005 000005 000005 000005 000005 000005 000005 000005 000005 000005 000005
000005 000005 210029 410052 7a009b d024ff f6d5ff f6d5ff f6d5ff f6d5ff f6d5ff 0000ff 000005 000005 000005 000005 000005 000005 000005 000005 000005 000005 000005 000005 000005 000005 000005 000005 000005 000005 000005 000005 000005 000005 000005 000005
000005 000005 000005 210029 410052 7a009b d024ff f6d5ff f6d5ff f6d5ff f6d5ff f6d5ff 0000ff 000005 000005 000005 000005 000005 000005 000005 000005 000005 000005 000005 000005 000005 000005 000005 000005 000005 000005 000005 000005 000005 000005 000005
000005 000005 000005 000005 210029 410052 7a009b d024ff f6d5ff f6d5ff f6d5ff f6d5ff f6d5ff 0000ff 000005 000005 000005 000005 000005 000005 000005 000005 000005 000005 000005 000005 000005 000005 000005 000005 000005 000005 000005 000005 000005 000005
000005 000005 000005 000005 000005 210029 410052 7a009b d024ff f6d5ff f6d5ff f6d5ff f6d5ff f6d5ff 0000ff 000005 000005 000005 000005 000005 000005 000005 000005 000005 000005 000005 000005 000005 000005 000005 000005 000005 000005 000005 000005 000005
000005 000005 000005 000005 000005 000005 210029 410052 7a009b d024ff f6d5ff f6d5ff f6d5ff f6d5ff f6d5ff 0000ff 000005 000005 000005 000005 000005 000005 000005 000005 000005 000005 000005 000005 000005 000005 000005 000005 000005 000005 000005 000005
000005 000005 000005 000005 000005 000005 000005 210029 410052 7a009b d024ff f6d5ff f6d5ff f6d5ff f6d5ff f6d5ff 0000ff 000005 000005 000005 000005 000005 000005 000005 000005 000005 000005 000005 000005 000005 000005 000005 000005 000005 000005 000005
000005 000005 000005 000005 000005 000005 000005 000005 210029 410052 7a009b d024ff f6d5ff f6d5ff f6d5ff f6d5ff f6d5ff 0000ff 000005 000005 000005 000005 000005 000005 000005 000005 000005 000005 000005 000005 000005 000005 000005 000005 000005 000005
000005 000005 000005 000005 000005 000005 000005 000005 000005 210029 410052 7a009b d024ff f6d5ff f6d5ff f6d5ff f6d5ff f6d5ff 0000ff 000005 000005 000005 000005 000005 000005 000005 000005 000005 000005 000005 000005 000005 000005 000005 000005 000005
000005 000005 000005 000005 000005 000005 000005 000005 000005 000005 210029 410052 7a009b d024ff f6d5ff f6d5ff f6d5ff f6d5ff f6d5ff 0000ff 000005 000005 000005 000005 000005 000005 000005 000005 000005 000005 000005 000005 000005 000005 000005 000005
000005 000005 000005 000005 000005 000005 000005 000005 000005 000005 000005 210029 410052 7a009b d024ff f6d5ff f6d5ff f6d5ff f6d5ff f6d5ff 0000ff 000005 000005 000005 000005 000005 000005 000005 000005 000005 000005 000005 000005 000005 000005 000005
000005 000005 000005 000005 000005 000005 000005 000005 000005 000005 000005 000005 210029 410052 7a009b d024ff f6d5ff f6d5ff f6d5ff f6d5ff f6d5ff 0000ff 000005 000005 000005 000005 000005 000005 000005 000005 000005 000005 000005 000005 000005 000005
000005 000005 000005 000005 000005 000005 000005 000005 000005 000005 000005 000005 000005 210029 410052 7a009b d024ff f6d5ff f6d5ff f6d5ff f6d5ff f6d5ff 0000ff 000005 000005 000005 000005 000005 000005 000005 000005 000005 000005 000005 000005 000005
000005 000005 000005 000005 000005 000005 000005 000005 000005 000005 000005 000005 000005 000005 210029 410052 7a009b d024ff f6d5ff f6d5ff f6d5ff f6d5ff f6d5ff 0000ff 000005 000005 000005 000005 000005 000005 000005 000005 000005 000005 000005 000005
000005 000005 000005 000005 000005 000005 000005 000005 000005 000005 000005 000005 000005 000005 000005 210029 410052 7a009b d024ff f6d5ff f6d5ff f6d5ff f6d5ff f6d5ff 0000ff 000005 000005 000005 000005 000005 000005 000005 000005 000005 000005 000005
000005 000005 000005 000005 000005 000005 000005 000005 000005 000005 000005 000005 000005 000005 000005 000005 210029 410052 7a009b d024ff f6d5ff f6d5ff f6d5ff f6d5ff f6d5ff 0000ff 000005 000005 000005 000005 000005 000005 000005 000005 000005 000005
000005 000005 000005 000005 000005 000005 000005 000005 000005 000005 000005 000005 000005 000005 000005 000005 000005 210029 410052 7a009b d024ff f6d5ff f6d5ff f6d5ff f6d5ff f6d5ff 0000ff 000005 000005 000005 000005 000005 000005 000005 000005 000005
000005 000005 000005 000005 000005 000005 000005 000005 000005 000005 000005 000005 000005 000005 000005 000005 000005 000005 210029 410052 7a009b d024ff f6d5ff f6d5ff f6d5ff f6d5ff f6d5ff 0000ff 000005 000005 000005 000005 000005 000005 000005 000005
000005 000005 000005 000005 000005 000005 000005 000005 000005 000005 000005 000005 000005 000005 000005 000005 000005 000005 000005 210029 410052 7a009b d024ff f6d5ff f6d5ff f6d5ff f6d5ff f6d5ff 0000ff 000005 000005 000005 000005 000005 000005 000005
000005 000005 000005 000005 000005 000005 000005 000005 000005 000005 000005 000005 000005 000005 000005 000005 000005 000005 000005 000005 210029 410052 7a009b d024ff f6d5ff f6d5ff f6d5ff f6d5ff f6d5ff 0000ff 000005 000005 000005 000005 000005 000005
000005 000005 000005 000005 000005 000005 000005 000005 000005 000005 000005 000005 000005 000005 000005 000005 000005 000005 000005 000005 000005 210029 410052 7a009b d024ff f6d5ff f6d5ff f6d5ff f6d5ff f6d5ff 0000ff 000005 000005 000005 000005 000005
000005 000005 000005 000005 000005 000005 000005 000005 000005 000005 000005 000005 000005 000005 000005 000005 000005 000005 000005 000005 000005 000005 210029 410052 7a009b d024ff f6d5ff f6d5ff f6d5ff f6d5ff f6d5ff 0000ff 000005 000005 000005 000005
000005 000005 000005 000005 000005 000005 000005 000005 000005 000005 000005 000005 000005 000005 000005 000005 000005 000005 000005 000005 000005 000005 000005 210029 410052 7a009b d024ff f6d5ff f6d5ff f6d5ff f6d5ff f6d5ff 0000ff 000005 000005 000005
000005 000005 000005 000005 000005 000005 000005 000005 000005 000005 000005 000005 000005 000005 000005 000005 000005 000005 000005 000005 000005 000005 000005 000005 210029 410052 7a009b d024ff f6d5ff f6d5ff f6d5ff f6d5ff f6d5ff 0000ff 000005 000005
000005 000005 000005 000005 000005 000005 000005 000005 000005 000005 000005 000005 000005 000005 000005 000005 000005 000005 000005 000005 000005 000005 000005 000005 000005 210029 410052 7a009b d024ff f6d5ff f6d5ff f6d5ff f6d5ff f6d5ff 0000ff 000005
000005 000005 000005 000005 000005 000005 000005 000005 000005 000005 000005 000005 000005 000005 000005 000005 000005 000005 000005 000005 000005 000005 000005 000005 000005 000005 210029 410052 7a009b d024ff f6d5ff f6d5ff f6d5ff f6d5ff f6d5ff 0000ff
000005 000005 000005 000005 000005 000005 000005 000005 000005 000005 000005 000005 000005 000005 000005 000005 000005 000005 000005 000005 000005 000005 000005 000005 000005 000005 000005 210029 410052 7a009b d024ff f6d5ff f6d5ff f6d5ff f6d5ff f6d5ff
000005 000005 000005 000005 000005 000005 000005 000005 000005 000005 000005 000005 000005 000005 000005 000005 000005 000005 000005 000005 000005 000005 000005 000005 000005 000005 000005 000005 210029 410052 7a009b d024ff f6d5ff f6d5ff f6d5ff f6d5ff
000005 000005 000005 000005 000005 000005 000005 000005 000005 000005 000005 000005 000005 000005 000005 000005 000005 000005 000005 000005 000005 000005 000005 000005 000005 000005 000005 000005 000005 210029 410052 7a009b d024ff f6d5ff f6d5ff f6d5ff
000005 000005 000005 000005 000005 000005 000005 000005 000005 000005 000005 000005 000005 000005 000005 000005 000005 000005 000005 000005 000005 000005 000005 000005 000005 000005 000005 000005 000005 000005 210029 410052 7a009b d024ff f6d5ff f6d5ff
000005 000005 000005 000005 000005 000005 000005 000005 000005 000005 000005 000005 000005 000005 000005 000005 000005 000005 000005 000005 000005 000005 000005 000005 000005 000005 000005 000005 000005 000005 000005 210029 410052 7a009b d024ff f6d5ff
000005 000005 000005 000005 000005 000005 000005 000005 000005 000005 000005 000005 000005 000005 000005 000005 000005 000005 000005 000005 000005 000005 000005 000005 000005 000005 000005 000005 000005 000005 000005 000005 210029 410052 7a009b d024ff
000005 000005 000005 000005 000005 000005 000005 000005 000005 000005 000005 000005 000005 000005 000005 000005 000005 000005 000005 000005 000005 000005 000005 000005 000005 000005 000005 000005 000005 000005 000005 000005 000005 210029 410052 7a009b
0000ff 000005 000005 000005 000005 000005 000005 000005 000005 000005 000005 000005 000005 000005 000005 000005 000005 000005 000005 000005 000005 000005 000005 000005 000005 000005 000005 000005 000005 000005 000005 000005 000005 000005 210029 410052
0000ff 000005 000005 000005 000005 000005 000005 000005 000005 000005 000005 000005 000005 000005 000005 000005 000005 000005 000005 000005 000005 000005 000005 000005 000005 000005 000005 000005 000005 000005 000005 000005 000005 000005 000005 210029
0000ff 000005 000005 000005 000005 000005 000005 000005 000005 000005 000005 000005 000005 000005 000005 000005 000005 000005 000005 000005 000005 000005 000005 000005 000005 000005 000005 000005 000005 000005 000005 000005 000005 000005 000005 000005
0000ff 000005 000005 000005 000005 000005 000005 000005 000005 000005 000005 000005 000005 000005 000005 000005 000005 000005 000005 000005 000005 000005 000005 000005 000005 000005 000005 000005 000005 000005 000005 000005 000005 000005 000005 000005
0000ff 000005 000005 000005 000005 000005 000005 000005 000005 000005 000005 000005 000005 000005 000005 000005 000005 000005 000005 000005 000005 000005 000005 000005 000005 000005 000005 000005 000005 000005 000005 000005 000005 000005 000005 000005
0000ff 000005 000005 000005 000005 000005 000005 000005 000005 000005 000005 000005 000005 000005 000005 000005 000005 000005 000005 000005 000005 000005 000005 000005 000005 000005 000005 000005 000005 000005 000005 000005 000005 000005 000005 000005
0000ff 000005 000005 000005 000005 000005 000005 000005 000005 000005 000005 000005 000005 000005 000005 000005 000005 000005 000005 000005 000005 000005 000005 000005 000005 000005 000005 000005 000005 000005 000005 000005 000005 000005 000005 000005
0000ff 000005 000005 000005 000005 000005 000005 000005 000005 000005 000005 000005 000005 000005 000005 000005 000005 000005 000005 000005 000005 000005 000005 000005 000005 000005 000005 000005 000005 000005 000005 000005 000005 000005 000005 000005
0000ff 000005 000005 000005 000005 000005 000005 000005 000005 000005 000005 000005 000005 000005 000005 000005 000005 000005 000005 000005 000005 000005 000005 000005 000005 000005 000005 000005 000005 000005 000005 000005 000005 000005 000005 000005
0000ff 000005 000005 000005 000005 000005 000005 000005 000005 000005 000005 000005 000005 000005 000005 000005 000005 000005 000005 000005 000005 000005 000005 000005 000005 000005 000005 000005 000005 000005 000005 000005 000005 000005 000005 000005
0000ff 000005 000005 000005 000005 000005 000005 000005 000005 000005 000005 000005 000005 000005 000005 000005 000005 000005 000005 000005 000005 000005 000005 000005 000005 000005 000005 000005 000005 000005 000005 000005 000005 000005 000005 000005
0000ff 000005 000005 000005 000005 000005 000005 000005 000005 000005 000005 000005 000005 000005 000005 000005 000005 000005 000005 000005 000005 000005 000005 000005 000005 000005 000005 000005 000005 000005 000005 000005 000005 000005 000005 000005
0000ff 000005 000005 000005 000005 000005 000005 000005 000005 000005 000005 000005 000005 000005 000005 000005 000005 000005 000005 000005 000005 000005 000005 000005 000005 000005 000005 000005 000005 000005 000005 000005 000005 000005 000005 000005
0000ff 000005 000005 000005 000005 000005 000005 000005 000005 000005 000005 000005 000005 000005 000005 000005 000005 000005 000005 000005 000005 000005 000005 000005 000005 000005 000005 000005 000005 000005 000005 000005 000005 000005 000005 000005
0000ff 000005 000005 000005 000005 000005 000005 000005 000005 000005 000005 000005 000005 000005 000005 000005 000005 000005 000005 000005 000005 000005 000005 000005 000005 000005 000005 000005 000005 000005 000005 000005 000005 000005 000005 000005
f6d5ff 0000ff 000005 000005 000005 000005 000005 000005 000005 000005 000005 000005 000005 000005 000005 000005 000005 000005 000005 000005 000005 000005 000005 000005 000005 000005 000005 000005 000005 000005 000005 000005 000005 000005 000005 000005
f6d5ff 0000ff 000005 000005 000005 000005 000005 000005 000005 000005 000005 000005 000005 000005 000005 000005 000005 000005 000005 000005 000005 000005 000005 000005 000005 000005 000005 000005 000005 000005 000005 000005 000005 000005 000005 000005
f6d5ff 0000ff 000005 000005 000005 000005 000005 000005 000005 000005 000005 000005 000005 000005 000005 000005 000005 000005 000005 000005 000005 000005 000005 000005 000005 000005 000005 000005 000005 000005 000005 000005 000005 000005 000005 000005
f6d5ff 0000ff 000005 000005 000005 000005 000005 000005 000005 000005 000005 000005 000005 000005 000005 000005 000005 000005 000005 000005 000005 000005 000005 000005 000005 000005 000005 000005 000005 000005 000005 000005 000005 000005 000005 000005
f6d5ff 0000ff 000005 000005 000005 000005 000005 000005 000005 000005 000005 000005 000005 000005 000005 000005 000005 000005 000005 000005 000005 000005 000005 000005 000005 000005 000005 000005 000005 000005 000005 000005 000005 000005 000005 000005
f6d5ff 0000ff 000005 000005 000005 000005 000005 000005 000005 000005 000005 000005 000005 000005 000005 000005 000005 000005 000005 000005 000005 000005 000005 000005 000005 000005 000005 000005 000005 000005 000005 000005 000005 000005 000005 000005
f6d5ff 0000ff 000005 000005 000005 000005 000005 000005 000005 000005 000005 000005 000005 000005 000005 000005 000005 000005 000005 000005 000005 000005 000005 000005 000005 000005 000005 000005 000005 000005 000005 000005 000005 000005 000005 000005
f6d5ff 0000ff 000005 000005 000005 000005 000005 000005 000005 000005 000005 000005 000005 000005 000005 000005 000005 000005 000005 000005 000005 000005 000005 000005 000005 000005 000005 000005 000005 000005 000005 000005 000005 000005 000005 000005
f6d5ff 0000ff 000005 000005 000005 000005 000005 000005 000005 000005 000005 000005 000005 000005 000005 000005 000005 000005 000005 000005 000005 000005 000005 000005 000005 000005 000005 000005 000005 000005 000005 000005 000005 000005 000005 000005
f6d5ff 0000ff 000005 000005 000005 000005 000005 000005 000005 000005 000005 000005 000005 000005 000005 000005 000005 000005 000005 000005 000005 000005 000005 000005 000005 000005 000005 000005 000005 000005 000005 000005 000005 000005 000005 000005
f6d5ff 0000ff 000005 000005 000005 000005 000005 000005 000005 000005 000005 000005 000005 000005 000005 000005 000005 000005 000005 000005 000005 000005 000005 000005 000005 000005 000005 000005 000005 000005 000005 000005 000005 000005 000005 000005
f6d5ff 0000ff 000005 000005 000005 000005 000005 000005 000005 000005 000005 000005 000005 000005 000005 000005 000005 000005 000005 000005 000005 000005 000005 000005 000005 000005 000005 000005 000005 000005 000005 000005 000005 000005 000005 000005
f6d5ff 0000ff 000005 000005 000005 000005 000005 000005 000005 000005 000005 000005 000005 000005 000005 000005 000005 000005 000005 000005 000005 000005 000005 000005 000005 000005 000005 000005 000005 000005 000005 000005 000005 000005 000005 000005
f6d5ff 0000ff 000005 000005 000005 000005 000005 000005 000005 000005 000005 000005 000005 000005 000005 000005 000005 000005 000005 000005 000005 000005 000005 000005 000005 000005 000005 000005 000005 000005 000005 000005 000005 000005 000005 000005
f6d5ff 0000ff 000005 000005 000005 000005 000005 000005 000005 000005 000005 000005 000005 000005 000005 000005 000005 000005 000005 000005 000005 000005 000005 000005 000005 000005 000005 000005 000005 000005 000005 000005 000005 000005 000005 000005
f6d5ff f6d5ff 0000ff 000005 000005 000005 000005 000005 000005 000005 000005 000005 000005 000005 000005 000005 000005 000005 000005 000005 000005 000005 000005 000005 000005 000005 000005 000005 000005 000005 000005 000005 000005 000005 000005 000005
f6d5ff f6d5ff 0000ff 000005 000005 000005 000005 000005 000005 000005 000005 000005 000005 000005 000005 000005 000005 000005 000005 000005 000005 000005 000005 000005 000005 000005 000005 000005 000005 000005 000005 000005 000005 000005 000005 000005
f6d5ff f6d5ff 0000ff 000005 000005 000005 000005 000005 000005 000005 000005 000005 000005 000005 000005 000005 000005 000005 000005 000005 000005 000005 000005 000005 000005 000005 000005 000005 000005 000005 000005 000005 000005 000005 000005 000005
f6d5ff f6d5ff 0000ff 000005 000005 000005 000005 000005 000005 000005 000005 000005 000005 000005 000005 000005 000005 000005 000005 000005 000005 000005 000005 000005 000005 000005 000005 000005 000005 000005 000005 000005 000005 000005 000005 000005
f6d5ff f6d5ff 0000ff 000005 000005 000005 000005 000005 000005 000005 000005 000005 000005 000005 000005 000005 000005 000005 000005 000005 000005 000005 000005 000005 000005 000005 000005 000005 000005 000005 000005 000005 000005 000005 000005 000005
f6d5ff f6d5ff 0000ff 000005 000005 000005 000005 000005 000005 000005 000005 000005 000005 000005 000005 000005 000005 000005 000005 000005 000005 000005 000005 000005 000005 000005 000005 000005 000005 000005 000005 000005 000005 000005 000005 000005
f6d5ff f6d5ff 0000ff 000005 000005 000005 000005 000005 000005 000005 000005 000005 000005 000005 000005 000005 000005 000005 000005 000005 000005 000005 000005 000005 000005 000005 000005 000005 000005 000005 000005 000005 000005 000005 000005 000005
f6d5ff f6d5ff 0000ff 000005 000005 000005 000005 000005 000005 000005 000005 000005 000005 000005 000005 000005 000005 000005 000005 000005 000005 000005 000005 000005 000005 000005 000005 000005 000005 000005 000005 000005 000005 000005 000005 000005
f6d5ff f6d5ff 0000ff 000005 000005 000005 000005 000005 000005 000005 000005 000005 000005 000005 000005 000005 000005 000005 000005 000005 000005 000005 000005 000005 000005 000005 000005 000005 000005 000005 000005 000005 000005 000005 000005 000005
f6d5ff f6d5ff 0000ff 000005 000005 000005 000005 000005 000005 000005 000005 000005 000005 000005 000005 000005 000005 000005 000005 000005 000005 000005 000005 000005 000005 000005 000005 000005 000005 000005 000005 000005 000005 000005 000005 000005
f6d5ff f6d5ff 0000ff 000005 000005 000005 000005 000005 000005 000005 000005 000005 000005 000005 000005 000005 000005 000005 000005 000005 000005 000005 000005 000005 000005 000005 000005 000005 000005 000005 000005 000005 000005 000005 000005 000005
f6d5ff f6d5ff 0000ff 000005 000005 000005 000005 000005 000005 000005 000005 000005 000005 000005 000005 000005 000005 000005 000005 000005 000005 000005 000005 000005 000005 000005 000005 000005 000005 000005 000005 000005 000005 000005 000005 000005
f6d5ff f6d5ff 0000ff 000005 000005 000005 000005 000005 000005 000005 000005 000005 000005 000005 000005 000005 000005 000005 000005 000005 000005 000005 000005 000005 000005 000005 000005 000005 000005 000005 000005 000005 000005 000005 000005 000005
f6d5ff f6d5ff 0000ff 000005 000005 000005 000005 000005 000005 000005 000005 000005 000005 000005 000005 000005 000005 000005 000005 000005 000005 000005 000005 000005 000005 000005 000005 000005 000005 000005 000005 000005 000005 000005 000005 000005
f6d5ff f6d5ff 0000ff 000005 000005 000005 000005 000005 000005 000005 000005 000005 000005 000005 000005 000005 000005 000005 000005 000005 000005 000005 000005 000005 000005 000005 000005 000005 000005 000005 000005 000005 000005 000005 000005 000005
f6d5ff f6d5ff f6d5ff 0000ff 000005 000005 000005 000005 000005 000005 000005 000005 000005 000005 000005 000005 000005 000005 000005 000005 000005 000005 000005 000005 000005 000005 000005 000005 000005 000005 000005 000005 000005 000005 000005 000005
f6d5ff f6d5ff f6d5ff 0000ff 000005 000005 000005 000005 000005 000005 000005 000005 000005 000005 000005 000005 000005 000005 000005 000005 000005 000005 000005 000005 000005 000005 000005 000005 000005 000005 000005 000005 000005 000005 000005 000005
f6d5ff f6d5ff f6d5ff 0000ff 000005 000005 000005 000005 000005 000005 000005 000005 000005 000005 000005 000005 000005 000005 000005 000005 000005 000005 000005 000005 000005 000005 000005 000005 000005 000005 000005 000005 000005 000005 000005 000005
f6d5ff f6d5ff f6d5ff 0000ff 000005 000005 000005 000005 000005 000005 000005 000005 000005 000005 000005 000005 000005 000005 000005 000005 000005 000005 000005 000005 000005 000005 000005 000005 000005 000005 000005 000005 000005 000005 000005 000005
f6d5ff f6d5ff f6d5ff 0000ff 000005 000005 000005 000005 000005 000005 000005 000005 000005 000005 000005 000005 000005 000005 000005 000005 000005 000005 000005 000005 000005 000005 000005 000005 000005 000005 000005 000005 000005 000005 000005 000005
f6d5ff f6d5ff f6d5ff 0000ff 000005 000005 000005 000005 000005 000005 000005 000005 000005 000005 000005 000005 000005 000005 000005 000005 000005 000005 000005 000005 000005 000005 000005 000005 000005 000005 000005 000005 000005 000005 000005 000005
f6d5ff f6d5ff f6d5ff 0000ff 000005 000005 000005 000005 000005 000005 000005 000005 000005 000005 000005 000005 000005 000005 000005 000005 000005 000005 000005 000005 000005 000005 000005 000005 000005 000005 000005 000005 000005 000005 000005 000005
f6d5ff f6d5ff f6d5ff 0000ff 000005 000005 000005 000005 000005 000005 000005 000005 000005 000005 000005 000005 000005 000005 000005 000005 000005 000005 000005 000005 000005 000005 000005 000005 000005 000005 000005 000005 000005 000005 000005 000005
f6d5ff f6d5ff f6d5ff 0000ff 000005 000005 000005 000005 000005 000005 000005 000005 000005 000005 000005 000005 000005 000005 000005 000005 000005 000005 000005 000005 000005 000005 000005 000005 000005 000005 000005 000005 000005 000005 000005 000005
f6d5ff f6d5ff f6d5ff 0000ff 000005 000005 000005 000005 000005 000005 000005 000005 000005 000005 000005 000005 000005 000005 000005 000005 000005 000005 000005 000005 000005 000005 000005 000005 000005 000005 000005 000005 000005 000005 000005 000005
f6d5ff f6d5ff f6d5ff 0000ff 000005 000005 000005 000005 000005 000005 000005 000005 000005 000005 000005 000005 000005 000005 000005 000005 000005 000005 000005 000005 000005 000005 000005 000005 000005 000005 000005 000005 000005 000005 000005 000005
f6d5ff f6d5ff f6d5ff 0000ff 000005 000005 000005 000005 000005 000005 000005 000005 000005 000005 000005 000005 000005 000005 000005 000005 000005 000005 000005 000005 000005 000005 000005 000005 000005 000005 000005 000005 000005 000005 000005 000005
f6d5ff f6d5ff f6d5ff 0000ff 000005 000005 000005 000005 000005 000005 000005 000005 000005 000005 000005 000005 000005 000005 000005 000005 000005 000005 000005 000005 000005 000005 000005 000005 000005 000005 000005 000005 000005 000005 000005 000005
f6d5ff f6d5ff f6d5ff 0000ff 000005 000005 000005 000005 000005 000005 000005 000005 000005 000005 000005 000005 000005 000005 000005 000005 000005 000005 000005 000005 000005 000005 000005 000005 000005 000005 000005 000005 000005 000005 000005 000005
f6d5ff f6d5ff f6d5ff 0000ff 000005 000005 000005 000005 000005 000005 000005 000005 000005 000005 000005 000005 000005 000005 000005 000005 000005 000005 000005 000005 000005 000005 000005 000005 000005 000005 000005 000005 000005 000005 000005 000005
f6d5ff f6d5ff f6d5ff f6d5ff 0000ff 000005 000005 000005 000005 000005 000005 000005 000005 000005 000005 000005 000005 000005 000005 000005 000005 000005 000005 000005 000005 000005 000005 000005 000005 000005 000005 000005 000005 000005 000005 000005
f6d5ff f6d5ff f6d5ff f6d5ff 0000ff 000005 000005 000005 000005 000005 000005 000005 000005 000005 000005 000005 000005 000005 000005 000005 000005 000005 000005 000005 000005 000005 000005 000005 000005 000005 000005 000005 000005 000005 000005 000005
f6d5ff f6d5ff f6d5ff f6d5ff 0000ff 000005 000005 000005 000005 000005 000005 000005 000005 000005 000005 000005 000005 000005 000005 000005 000005 000005 000005 000005 000005 000005 000005 000005 000005 000005 000005 000005 000005 000005 000005 000005
f6d5ff f6d5ff f6d5ff f6d5ff 0000ff 000005 000005 000005 000005 000005 000005 000005 000005 000005 000005 000005 000005 000005 000005 000005 000005 000005 000005 000005 000005 000005 000005 000005 000005 000005 000005 000005 000005 000005 000005 000005
f6d5ff f6d5ff f6d5ff f6d5ff 0000ff 000005 000005 000005 000005 000005 000005 000005 000005 000005 000005 000005 000005 000005 000005 000005 000005 000005 000005 000005 000005 000005 000005 000005 000005 000005 000005 000005 000005 000005 000005 000005
f6d5ff f6d5ff f6d5ff f6d5ff 0000ff 000005 000005 000005 000005 000005 000005 000005 000005 000005 000005 000005 000005 000005 000005 000005 000005 000005 000005 000005 000005 000005 000005 000005 000005 000005 000005 000005 000005 000005 000005 000005
f6d5ff f6d5ff f6d5ff f6d5ff 0000ff 000005 000005 000005 000005 000005 000005 000005 000005 000005 000005 000005 000005 000005 000005 000005 000005 000005 000005 000005 000005 000005 000005 000005 000005 000005 000005 000005 000005 000005 000005 000005
f6d5ff f6d5ff f6d5ff f6d5ff 0000ff 000005 000005 000005 000005 000005 000005 000005 000005 000005 000005 000005 000005 000005 000005 000005 000005 000005 000005 000005 000005 000005 000005 000005 000005 000005 000005 000005 000005 000005 000005 000005
f6d5ff f6d5ff f6d5ff f6d5ff 0000ff 000005 000005 000005 000005 000005 000005 000005 000005 000005 000005 000005 000005 000005 000005 000005 000005 000005 000005 000005 000005 000005 000005 000005 000005 000005 000005 000005 000005 000005 000005 000005
f6d5ff f6d5ff f6d5ff f6d5ff 0000ff 000005 000005 000005 000005 000005 000005 000005 000005 000005 000005 000005 000005 000005 000005 000005 000005 000005 000005 000005 000005 000005 000005 000005 000005 000005 000005 000005 000005 000005 000005 000005
f6d5ff f6d5ff f6d5ff f6d5ff 0000ff 000005 000005 000005 000005 000005 000005 000005 000005 000005 000005 000005 000005 000005 000005 000005 000005 000005 000005 000005 000005 000005 000005 000005 000005 000005 000005 000005 000005 000005 000005 000005
f6d5ff f6d5ff f6d5ff f6d5ff 0000ff 000005 000005 000005 000005 000005 000005 000005 000005 000005 000005 000005 000005 000005 000005 000005 000005 000005 000005 000005 000005 000005 000005 000005 000005 000005 000005 000005 000005 000005 000005 000005
f6d5ff f6d5ff f6d5ff f6d5ff 0000ff 000005 000005 000005 000005 000005 000005 000005 000005 000005 000005 000005 000005 000005 000005 000005 000005 000005 000005 000005 000005 000005 000005 000005 000005 000005 000005 000005 000005 000005 000005 000005
f6d5ff f6d5ff f6d5ff f6d5ff 0000ff 000005 000005 000005 000005 000005 000005 000005 000005 000005 000005 000005 000005 000005 000005 000005 000005 000005 000005 000005 000005 000005 000005 000005 000005 000005 000005 000005 000005 000005 000005 000005
f6d5ff f6d5ff f6d5ff f6d5ff 0000ff 000005 000005 000005 000005 000005 000005 000005 000005 000005 000005 000005 000005 000005 000005 000005 000005 000005 000005 000005 000005 000005 000005 000005 000005 000005 000005 000005 000005 000005 000005 000005
f6d5ff f6d5ff f6d5ff f6d5ff f6d5ff 0000ff 000005 000005 000005 000005 000005 000005 000005 000005 000005 000005 000005 000005 000005 000005 000005 000005 000005 000005 000005 000005 000005 000005 000005 000005 000005 000005 000005 000005 000005 000005
f6d5ff f6d5ff f6d5ff f6d5ff f6d5ff 0000ff 000005 000005 000005 000005 000005 000005 000005 000005 000005 000005 000005 000005 000005 000005 000005 000005 000005 000005 000005 000005 000005 000005 000005 000005 000005 000005 000005 000005 000005 000005
f6d5ff f6d5ff f6d5ff f6d5ff f6d5ff 0000ff 000005 000005 000005 000005 000005 000005 000005 000005 000005 000005 000005 000005 000005 000005 000005 000005 000005 000005 000005 000005 000005 000005 000005 000005 000005 000005 000005 000005 000005 000005
f6d5ff f6d5ff f6d5ff f6d5ff f6d5ff 0000ff 000005 000005 000005 000005 000005 000005 000005 000005 000005 000005 000005 000005 000005 000005 000005 000005 000005 000005 000005 000005 000005 000005 000005 000005 000005 000005 000005 000005 000005 000005
f6d5ff f6d5ff f6d5ff f6d5ff f6d5ff 0000ff 000005 000005 000005 000005 000005 000005 000005 000005 000005 000005 000005 000005 000005 000005 000005 000005 000005 000005 000005 000005 000005 000005 000005 000005 000005 000005 000005 000005 000005 000005
f6d5ff f6d5ff f6d5ff f6d5ff f6d5ff 0000ff 000005 000005 000005 000005 000005 000005 000005 000005 000005 000005 000005 000005 000005 000005 000005 000005 000005 000005 000005 000005 000005 000005 000005 000005 000005 000005 000005 000005 000005 000005
f6d5ff f6d5ff f6d5ff f6d5ff f6d5ff 0000ff 000005 000005 000005 000005 000005 000005 000005 000005 000005 000005 000005 000005 000005 000005 000005 000005 000005 000005 000005 000005 000005 000005 000005 000005 000005 000005 000005 000005 000005 000005
f6d5ff f6d5ff f6d5ff f6d5ff f6d5ff 0000ff 000005 000005 000005 000005 000005 000005 000005 000005 000005 000005 000005 000005 000005 000005 000005 000005 000005 000005 000005 000005 000005 000005 000005 000005 000005 000005 000005 000005 000005 000005
f6d5ff f6d5ff f6d5ff f6d5ff f6d5ff 0000ff 000005 000005 000005 000005 000005 000005 000005 000005 000005 000005 000005 000005 000005 000005 000005 000005 000005 000005 000005 000005 000005 000005 000005 000005 000005 000005 000005 000005 000005 000005
f6d5ff f6d5ff f6d5ff f6d5ff f6d5ff 0000ff 000005 000005 000005 000005 000005 000005 000005 000005 000005 000005 000005 000005 000005 000005 000005 000005 000005 000005 000005 000005 000005 000005 000005 000005 000005 000005 000005 000005 000005 000005
f6d5ff f6d5ff f6d5ff f6d5ff f6d5ff 0000ff 000005 000005 000005 000005 000005 000005 000005 000005 000005 000005 000005 000005 000005 000005 000005 000005 000005 000005 000005 000005 000005 000005 000005 000005 000005 000005 000005 000005 000005 000005
f6d5ff f6d5ff f6d5ff f6d5ff f6d5ff 0000ff 000005 000005 000005 000005 000005 000005 000005 000005 000005 000005 000005 000005 000005 000005 000005 000005 000005 000005 000005 000005 000005 000005 000005 000005 000005 000005 000005 000005 000005 000005
f6d5ff f6d5ff f6d5ff f6d5ff f6d5ff 0000ff 000005 000005 000005 000005 000005 000005 000005 000005 000005 000005 000005 000005 000005 000005 000005 000005 000005 000005 000005 000005 000005 000005 000005 000005 000005 000005 000005 000005 000005 000005
f6d5ff f6d5ff f6d5ff f6d5ff f6d5ff 0000ff 000005 000005 000005 000005 000005 000005 000005 000005 000005 000005 000005 000005 000005 000005 000005 000005 000005 000005 000005 000005 000005 000005 000005 000005 000005 000005 000005 000005 000005 000005
f6d5ff f6d5ff f6d5ff f6d5ff f6d5ff 0000ff 000005 000005 000005 000005 000005 000005 000005 000005 000005 000005 000005 000005 000005 000005 000005 000005 000005 000005 000005 000005 000005 000005 000005 000005 000005 000005 000005 000005 000005 000005